1.0000E+09
9.5499E+08
9.1201E+08
8.7096E+08
8.3176E+08
7.9433E+08
7.5858E+08
7.2444E+08
6.9183E+08
6.6069E+08
6.3096E+08
6.0256E+08
5.7544E+08
5.4954E+08
5.2481E+08
5.0119E+08
4.7863E+08
4.5709E+08
4.3652E+08
4.1687E+08
3.9811E+08
3.8019E+08
3.6308E+08
3.4674E+08
3.3113E+08
3.1623E+08
3.0200E+08
2.8840E+08
2.7542E+08
2.6303E+08
2.5119E+08
2.3988E+08
2.2909E+08
2.1878E+08
2.0893E+08
1.9953E+08
1.9055E+08
1.8197E+08
1.7378E+08
1.6596E+08
1.5849E+08
1.5136E+08
1.4454E+08
1.3804E+08
1.3183E+08
1.2589E+08
1.2023E+08
1.1482E+08
1.0965E+08
1.0471E+08
1.0000E+08
9.5499E+07
9.1201E+07
8.7096E+07
8.3176E+07
7.9433E+07
7.5858E+07
7.2444E+07
6.9183E+07
6.6069E+07
6.3096E+07
6.0256E+07
5.7544E+07
5.4954E+07
5.2481E+07
5.0119E+07
4.7863E+07
4.5709E+07
4.3652E+07
4.1687E+07
3.9811E+07
3.8019E+07
3.6308E+07
3.4674E+07
3.3113E+07
3.1623E+07
3.0200E+07
3.0000E+07
2.9800E+07
2.9600E+07
2.9400E+07
2.9200E+07
2.9000E+07
2.8800E+07
2.8600E+07
2.8400E+07
2.8200E+07
2.8000E+07
2.7800E+07
2.7600E+07
2.7400E+07
2.7200E+07
2.7000E+07
2.6800E+07
2.6600E+07
2.6400E+07
2.6200E+07
2.6000E+07
2.5800E+07
2.5600E+07
2.5400E+07
2.5200E+07
2.5000E+07
2.4800E+07
2.4600E+07
2.4400E+07
2.4200E+07
2.4000E+07
2.3800E+07
2.3600E+07
2.3400E+07
2.3200E+07
2.3000E+07
2.2800E+07
2.2600E+07
2.2400E+07
2.2200E+07
2.2000E+07
2.1800E+07
2.1600E+07
2.1400E+07
2.1200E+07
2.1000E+07
2.0800E+07
2.0600E+07
2.0400E+07
2.0200E+07
2.0000E+07
1.9800E+07
1.9600E+07
1.9400E+07
1.9200E+07
1.9000E+07
1.8800E+07
1.8600E+07
1.8400E+07
1.8200E+07
1.8000E+07
1.7800E+07
1.7600E+07
1.7400E+07
1.7200E+07
1.7000E+07
1.6800E+07
1.6600E+07
1.6400E+07
1.6200E+07
1.6000E+07
1.5800E+07
1.5600E+07
1.5400E+07
1.5200E+07
1.5000E+07
1.4800E+07
1.4600E+07
1.4400E+07
1.4200E+07
1.4000E+07
1.3800E+07
1.3600E+07
1.3400E+07
1.3200E+07
1.3000E+07
1.2800E+07
1.2600E+07
1.2400E+07
1.2200E+07
1.2000E+07
1.1800E+07
1.1600E+07
1.1400E+07
1.1200E+07
1.1000E+07
1.0800E+07
1.0600E+07
1.0400E+07
1.0200E+07
1.0000E+07
9.8000E+06
9.6000E+06
9.4000E+06
9.2000E+06
9.0000E+06
8.8000E+06
8.6000E+06
8.4000E+06
8.2000E+06
8.0000E+06
7.8000E+06
7.6000E+06
7.4000E+06
7.2000E+06
7.0000E+06
6.8000E+06
6.6000E+06
6.4000E+06
6.2000E+06
6.0000E+06
5.8000E+06
5.6000E+06
5.4000E+06
5.2000E+06
5.0000E+06
4.7863E+06
4.5709E+06
4.3652E+06
4.1687E+06
3.9811E+06
3.8019E+06
3.6308E+06
3.4674E+06
3.3113E+06
3.1623E+06
3.0200E+06
2.8840E+06
2.7542E+06
2.6303E+06
2.5119E+06
2.3988E+06
2.2909E+06
2.1878E+06
2.0893E+06
1.9953E+06
1.9055E+06
1.8197E+06
1.7378E+06
1.6596E+06
1.5849E+06
1.5136E+06
1.4454E+06
1.3804E+06
1.3183E+06
1.2589E+06
1.2023E+06
1.1482E+06
1.0965E+06
1.0471E+06
1.0000E+06
9.5499E+05
9.1201E+05
8.7096E+05
8.3176E+05
7.9433E+05
7.5858E+05
7.2444E+05
6.9183E+05
6.6069E+05
6.3096E+05
6.0256E+05
5.7544E+05
5.4954E+05
5.2481E+05
5.0119E+05
4.7863E+05
4.5709E+05
4.3652E+05
4.1687E+05
3.9811E+05
3.8019E+05
3.6308E+05
3.4674E+05
3.3113E+05
3.1623E+05
3.0200E+05
2.8840E+05
2.7542E+05
2.6303E+05
2.5119E+05
2.3988E+05
2.2909E+05
2.1878E+05
2.0893E+05
1.9953E+05
1.9055E+05
1.8197E+05
1.7378E+05
1.6596E+05
1.5849E+05
1.5136E+05
1.4454E+05
1.3804E+05
1.3183E+05
1.2589E+05
1.2023E+05
1.1482E+05
1.0965E+05
1.0471E+05
1.0000E+05
9.5499E+04
9.1201E+04
8.7096E+04
8.3176E+04
7.9433E+04
7.5858E+04
7.2444E+04
6.9183E+04
6.6069E+04
6.3096E+04
6.0256E+04
5.7544E+04
5.4954E+04
5.2481E+04
5.0119E+04
4.7863E+04
4.5709E+04
4.3652E+04
4.1687E+04
3.9811E+04
3.8019E+04
3.6308E+04
3.4674E+04
3.3113E+04
3.1623E+04
3.0200E+04
2.8840E+04
2.7542E+04
2.6303E+04
2.5119E+04
2.3988E+04
2.2909E+04
2.1878E+04
2.0893E+04
1.9953E+04
1.9055E+04
1.8197E+04
1.7378E+04
1.6596E+04
1.5849E+04
1.5136E+04
1.4454E+04
1.3804E+04
1.3183E+04
1.2589E+04
1.2023E+04
1.1482E+04
1.0965E+04
1.0471E+04
1.0000E+04
9.5499E+03
9.1201E+03
8.7096E+03
8.3176E+03
7.9433E+03
7.5858E+03
7.2444E+03
6.9183E+03
6.6069E+03
6.3096E+03
6.0256E+03
5.7544E+03
5.4954E+03
5.2481E+03
5.0119E+03
4.7863E+03
4.5709E+03
4.3652E+03
4.1687E+03
3.9811E+03
3.8019E+03
3.6308E+03
3.4674E+03
3.3113E+03
3.1623E+03
3.0200E+03
2.8840E+03
2.7542E+03
2.6303E+03
2.5119E+03
2.3988E+03
2.2909E+03
2.1878E+03
2.0893E+03
1.9953E+03
1.9055E+03
1.8197E+03
1.7378E+03
1.6596E+03
1.5849E+03
1.5136E+03
1.4454E+03
1.3804E+03
1.3183E+03
1.2589E+03
1.2023E+03
1.1482E+03
1.0965E+03
1.0471E+03
1.0000E+03
9.5499E+02
9.1201E+02
8.7096E+02
8.3176E+02
7.9433E+02
7.5858E+02
7.2444E+02
6.9183E+02
6.6069E+02
6.3096E+02
6.0256E+02
5.7544E+02
5.4954E+02
5.2481E+02
5.0119E+02
4.7863E+02
4.5709E+02
4.3652E+02
4.1687E+02
3.9811E+02
3.8019E+02
3.6308E+02
3.4674E+02
3.3113E+02
3.1623E+02
3.0200E+02
2.8840E+02
2.7542E+02
2.6303E+02
2.5119E+02
2.3988E+02
2.2909E+02
2.1878E+02
2.0893E+02
1.9953E+02
1.9055E+02
1.8197E+02
1.7378E+02
1.6596E+02
1.5849E+02
1.5136E+02
1.4454E+02
1.3804E+02
1.3183E+02
1.2589E+02
1.2023E+02
1.1482E+02
1.0965E+02
1.0471E+02
1.0000E+02
9.5499E+01
9.1201E+01
8.7096E+01
8.3176E+01
7.9433E+01
7.5858E+01
7.2444E+01
6.9183E+01
6.6069E+01
6.3096E+01
6.0256E+01
5.7544E+01
5.4954E+01
5.2481E+01
5.0119E+01
4.7863E+01
4.5709E+01
4.3652E+01
4.1687E+01
3.9811E+01
3.8019E+01
3.6308E+01
3.4674E+01
3.3113E+01
3.1623E+01
3.0200E+01
2.8840E+01
2.7542E+01
2.6303E+01
2.5119E+01
2.3988E+01
2.2909E+01
2.1878E+01
2.0893E+01
1.9953E+01
1.9055E+01
1.8197E+01
1.7378E+01
1.6596E+01
1.5849E+01
1.5136E+01
1.4454E+01
1.3804E+01
1.3183E+01
1.2589E+01
1.2023E+01
1.1482E+01
1.0965E+01
1.0471E+01
1.0000E+01
9.9750E+00
9.9500E+00
9.9250E+00
9.9000E+00
9.8750E+00
9.8500E+00
9.8250E+00
9.8000E+00
9.7750E+00
9.7500E+00
9.7250E+00
9.7000E+00
9.6750E+00
9.6500E+00
9.6250E+00
9.6000E+00
9.5750E+00
9.5500E+00
9.5250E+00
9.5000E+00
9.4750E+00
9.4500E+00
9.4250E+00
9.4000E+00
9.3750E+00
9.3500E+00
9.3250E+00
9.3000E+00
9.2750E+00
9.2500E+00
9.2250E+00
9.2000E+00
9.1750E+00
9.1500E+00
9.1250E+00
9.1000E+00
9.0750E+00
9.0500E+00
9.0250E+00
9.0000E+00
8.9750E+00
8.9500E+00
8.9250E+00
8.9000E+00
8.8750E+00
8.8500E+00
8.8250E+00
8.8000E+00
8.7750E+00
8.7500E+00
8.7250E+00
8.7000E+00
8.6750E+00
8.6500E+00
8.6250E+00
8.6000E+00
8.5750E+00
8.5500E+00
8.5250E+00
8.5000E+00
8.4750E+00
8.4500E+00
8.4250E+00
8.4000E+00
8.3750E+00
8.3500E+00
8.3250E+00
8.3000E+00
8.2750E+00
8.2500E+00
8.2250E+00
8.2000E+00
8.1750E+00
8.1500E+00
8.1250E+00
8.1000E+00
8.0750E+00
8.0500E+00
8.0250E+00
8.0000E+00
7.9750E+00
7.9500E+00
7.9250E+00
7.9000E+00
7.8750E+00
7.8500E+00
7.8250E+00
7.8000E+00
7.7750E+00
7.7500E+00
7.7250E+00
7.7000E+00
7.6750E+00
7.6500E+00
7.6250E+00
7.6000E+00
7.5750E+00
7.5500E+00
7.5250E+00
7.5000E+00
7.4750E+00
7.4500E+00
7.4250E+00
7.4000E+00
7.3750E+00
7.3500E+00
7.3250E+00
7.3000E+00
7.2750E+00
7.2500E+00
7.2250E+00
7.2000E+00
7.1750E+00
7.1500E+00
7.1250E+00
7.1000E+00
7.0750E+00
7.0500E+00
7.0250E+00
7.0000E+00
6.9750E+00
6.9500E+00
6.9250E+00
6.9000E+00
6.8750E+00
6.8500E+00
6.8250E+00
6.8000E+00
6.7750E+00
6.7500E+00
6.7250E+00
6.7000E+00
6.6750E+00
6.6500E+00
6.6250E+00
6.6000E+00
6.5750E+00
6.5500E+00
6.5250E+00
6.5000E+00
6.4750E+00
6.4500E+00
6.4250E+00
6.4000E+00
6.3750E+00
6.3500E+00
6.3250E+00
6.3000E+00
6.2750E+00
6.2500E+00
6.2250E+00
6.2000E+00
6.1750E+00
6.1500E+00
6.1250E+00
6.1000E+00
6.0750E+00
6.0500E+00
6.0250E+00
6.0000E+00
5.9750E+00
5.9500E+00
5.9250E+00
5.9000E+00
5.8750E+00
5.8500E+00
5.8250E+00
5.8000E+00
5.7750E+00
5.7500E+00
5.7250E+00
5.7000E+00
5.6750E+00
5.6500E+00
5.6250E+00
5.6000E+00
5.5750E+00
5.5500E+00
5.5250E+00
5.5000E+00
5.4750E+00
5.4500E+00
5.4250E+00
5.4000E+00
5.3750E+00
5.3500E+00
5.3250E+00
5.3000E+00
5.2750E+00
5.2500E+00
5.2250E+00
5.2000E+00
5.1750E+00
5.1500E+00
5.1250E+00
5.1000E+00
5.0750E+00
5.0500E+00
5.0250E+00
5.0000E+00
4.9750E+00
4.9500E+00
4.9250E+00
4.9000E+00
4.8750E+00
4.8500E+00
4.8250E+00
4.8000E+00
4.7750E+00
4.7500E+00
4.7250E+00
4.7000E+00
4.6750E+00
4.6500E+00
4.6250E+00
4.6000E+00
4.5750E+00
4.5500E+00
4.5250E+00
4.5000E+00
4.4750E+00
4.4500E+00
4.4250E+00
4.4000E+00
4.3750E+00
4.3500E+00
4.3250E+00
4.3000E+00
4.2750E+00
4.2500E+00
4.2250E+00
4.2000E+00
4.1750E+00
4.1500E+00
4.1250E+00
4.1000E+00
4.0750E+00
4.0500E+00
4.0250E+00
4.0000E+00
3.9750E+00
3.9500E+00
3.9250E+00
3.9000E+00
3.8750E+00
3.8500E+00
3.8250E+00
3.8000E+00
3.7750E+00
3.7500E+00
3.7250E+00
3.7000E+00
3.6750E+00
3.6500E+00
3.6250E+00
3.6000E+00
3.5750E+00
3.5500E+00
3.5250E+00
3.5000E+00
3.4750E+00
3.4500E+00
3.4250E+00
3.4000E+00
3.3750E+00
3.3500E+00
3.3250E+00
3.3000E+00
3.2750E+00
3.2500E+00
3.2250E+00
3.2000E+00
3.1750E+00
3.1500E+00
3.1250E+00
3.1000E+00
3.0750E+00
3.0500E+00
3.0250E+00
3.0000E+00
2.9750E+00
2.9500E+00
2.9250E+00
2.9000E+00
2.8750E+00
2.8500E+00
2.8250E+00
2.8000E+00
2.7750E+00
2.7500E+00
2.7250E+00
2.7000E+00
2.6750E+00
2.6500E+00
2.6250E+00
2.6000E+00
2.5750E+00
2.5500E+00
2.5250E+00
2.5000E+00
2.4750E+00
2.4500E+00
2.4250E+00
2.4000E+00
2.3750E+00
2.3500E+00
2.3250E+00
2.3000E+00
2.2750E+00
2.2500E+00
2.2250E+00
2.2000E+00
2.1750E+00
2.1500E+00
2.1250E+00
2.1000E+00
2.0750E+00
2.0500E+00
2.0250E+00
2.0000E+00
1.9750E+00
1.9500E+00
1.9250E+00
1.9000E+00
1.8750E+00
1.8500E+00
1.8250E+00
1.8000E+00
1.7750E+00
1.7500E+00
1.7250E+00
1.7000E+00
1.6750E+00
1.6500E+00
1.6250E+00
1.6000E+00
1.5750E+00
1.5500E+00
1.5250E+00
1.5000E+00
1.4750E+00
1.4500E+00
1.4250E+00
1.4000E+00
1.3750E+00
1.3500E+00
1.3250E+00
1.3000E+00
1.2750E+00
1.2500E+00
1.2250E+00
1.2000E+00
1.1750E+00
1.1500E+00
1.1250E+00
1.1000E+00
1.0750E+00
1.0500E+00
1.0250E+00
1.0000E+00
9.7500E-01
9.5000E-01
9.2500E-01
9.0000E-01
8.7500E-01
8.5000E-01
8.2500E-01
8.0000E-01
7.7500E-01
7.5000E-01
7.2500E-01
7.0000E-01
6.7500E-01
6.5000E-01
6.2500E-01
6.0000E-01
5.7500E-01
5.5000E-01
5.2481E-01
5.0119E-01
4.7863E-01
4.5709E-01
4.3652E-01
4.1687E-01
3.9811E-01
3.8019E-01
3.6308E-01
3.4674E-01
3.3113E-01
3.1623E-01
3.0200E-01
2.8840E-01
2.7542E-01
2.6303E-01
2.5119E-01
2.3988E-01
2.2909E-01
2.1878E-01
2.0893E-01
1.9953E-01
1.9055E-01
1.8197E-01
1.7378E-01
1.6596E-01
1.5849E-01
1.5136E-01
1.4454E-01
1.3804E-01
1.3183E-01
1.2589E-01
1.2023E-01
1.1482E-01
1.0965E-01
1.0471E-01
1.0000E-01
9.5499E-02
9.1201E-02
8.7096E-02
8.3176E-02
7.9433E-02
7.5858E-02
7.2444E-02
6.9183E-02
6.6069E-02
6.3096E-02
6.0256E-02
5.7544E-02
5.4954E-02
5.2481E-02
5.0119E-02
4.7863E-02
4.5709E-02
4.3652E-02
4.1687E-02
3.9811E-02
3.8019E-02
3.6308E-02
3.4674E-02
3.3113E-02
3.1623E-02
3.0200E-02
2.8840E-02
2.7542E-02
2.6303E-02
2.5119E-02
2.3988E-02
2.2909E-02
2.1878E-02
2.0893E-02
1.9953E-02
1.9055E-02
1.8197E-02
1.7378E-02
1.6596E-02
1.5849E-02
1.5136E-02
1.4454E-02
1.3804E-02
1.3183E-02
1.2589E-02
1.2023E-02
1.1482E-02
1.0965E-02
1.0471E-02
1.0000E-02
9.5499E-03
9.1201E-03
8.7096E-03
8.3176E-03
7.9433E-03
7.5858E-03
7.2444E-03
6.9183E-03
6.6069E-03
6.3096E-03
6.0256E-03
5.7544E-03
5.4954E-03
5.2481E-03
5.0119E-03
4.7863E-03
4.5709E-03
4.3652E-03
4.1687E-03
3.9811E-03
3.8019E-03
3.6308E-03
3.4674E-03
3.3113E-03
3.1623E-03
3.0200E-03
2.8840E-03
2.7542E-03
2.6303E-03
2.5119E-03
2.3988E-03
2.2909E-03
2.1878E-03
2.0893E-03
1.9953E-03
1.9055E-03
1.8197E-03
1.7378E-03
1.6596E-03
1.5849E-03
1.5136E-03
1.4454E-03
1.3804E-03
1.3183E-03
1.2589E-03
1.2023E-03
1.1482E-03
1.0965E-03
1.0471E-03
1.0000E-03
9.5499E-04
9.1201E-04
8.7096E-04
8.3176E-04
7.9433E-04
7.5858E-04
7.2444E-04
6.9183E-04
6.6069E-04
6.3096E-04
6.0256E-04
5.7544E-04
5.4954E-04
5.2481E-04
5.0119E-04
4.7863E-04
4.5709E-04
4.3652E-04
4.1687E-04
3.9811E-04
3.8019E-04
3.6308E-04
3.4674E-04
3.3113E-04
3.1623E-04
3.0200E-04
2.8840E-04
2.7542E-04
2.6303E-04
2.5119E-04
2.3988E-04
2.2909E-04
2.1878E-04
2.0893E-04
1.9953E-04
1.9055E-04
1.8197E-04
1.7378E-04
1.6596E-04
1.5849E-04
1.5136E-04
1.4454E-04
1.3804E-04
1.3183E-04
1.2589E-04
1.2023E-04
1.1482E-04
1.0965E-04
1.0471E-04
1.0000E-04
9.5499E-05
9.1201E-05
8.7096E-05
8.3176E-05
7.9433E-05
7.5858E-05
7.2444E-05
6.9183E-05
6.6069E-05
6.3096E-05
6.0256E-05
5.7544E-05
5.4954E-05
5.2481E-05
5.0119E-05
4.7863E-05
4.5709E-05
4.3652E-05
4.1687E-05
3.9811E-05
3.8019E-05
3.6308E-05
3.4674E-05
3.3113E-05
3.1623E-05
3.0200E-05
2.8840E-05
2.7542E-05
2.6303E-05
2.5119E-05
2.3988E-05
2.2909E-05
2.1878E-05
2.0893E-05
1.9953E-05
1.9055E-05
1.8197E-05
1.7378E-05
1.6596E-05
1.5849E-05
1.5136E-05
1.4454E-05
1.3804E-05
1.3183E-05
1.2589E-05
1.2023E-05
1.1482E-05
1.0965E-05
1.0471E-05
1.0001E-03
0.0000E+00
0.0000E+00
0.0000E+00
0.0000E+00
0.0000E+00
0.0000E+00
0.0000E+00
0.0000E+00
0.0000E+00
0.0000E+00
0.0000E+00
0.0000E+00
0.0000E+00
0.0000E+00
0.0000E+00
0.0000E+00
0.0000E+00
0.0000E+00
0.0000E+00
0.0000E+00
0.0000E+00
0.0000E+00
0.0000E+00
0.0000E+00
0.0000E+00
0.0000E+00
0.0000E+00
0.0000E+00
0.0000E+00
0.0000E+00
0.0000E+00
0.0000E+00
0.0000E+00
0.0000E+00
0.0000E+00
0.0000E+00
0.0000E+00
0.0000E+00
0.0000E+00
0.0000E+00
0.0000E+00
0.0000E+00
0.0000E+00
0.0000E+00
0.0000E+00
0.0000E+00
0.0000E+00
0.0000E+00
0.0000E+00
0.0000E+00
0.0000E+00
0.0000E+00
0.0000E+00
0.0000E+00
0.0000E+00
0.0000E+00
0.0000E+00
0.0000E+00
0.0000E+00
0.0000E+00
0.0000E+00
0.0000E+00
0.0000E+00
0.0000E+00
0.0000E+00
0.0000E+00
0.0000E+00
0.0000E+00
0.0000E+00
0.0000E+00
0.0000E+00
0.0000E+00
0.0000E+00
0.0000E+00
0.0000E+00
0.0000E+00
0.0000E+00
0.0000E+00
0.0000E+00
0.0000E+00
0.0000E+00
0.0000E+00
0.0000E+00
0.0000E+00
0.0000E+00
0.0000E+00
0.0000E+00
0.0000E+00
0.0000E+00
0.0000E+00
0.0000E+00
0.0000E+00
0.0000E+00
0.0000E+00
0.0000E+00
0.0000E+00
0.0000E+00
0.0000E+00
0.0000E+00
0.0000E+00
0.0000E+00
0.0000E+00
0.0000E+00
0.0000E+00
0.0000E+00
0.0000E+00
0.0000E+00
0.0000E+00
0.0000E+00
0.0000E+00
0.0000E+00
0.0000E+00
0.0000E+00
0.0000E+00
0.0000E+00
0.0000E+00
0.0000E+00
0.0000E+00
0.0000E+00
0.0000E+00
0.0000E+00
0.0000E+00
0.0000E+00
0.0000E+00
0.0000E+00
0.0000E+00
0.0000E+00
8.2830E-09
8.3671E-09
8.4529E-09
8.5405E-09
8.6299E-09
8.7212E-09
8.8145E-09
8.9098E-09
9.0072E-09
9.1067E-09
9.2085E-09
9.3125E-09
9.4190E-09
1.7984E-08
2.2576E-08
2.7194E-08
3.1479E-08
3.9299E-08
4.9503E-08
5.0118E-08
5.0748E-08
6.6106E-08
8.7831E-08
8.8979E-08
9.0158E-08
1.1225E-07
1.2839E-07
1.6025E-07
1.7260E-07
2.2246E-07
2.3988E-07
2.9160E-07
3.5567E-07
4.2244E-07
4.2889E-07
4.6982E-07
6.1542E-07
7.1877E-07
8.0673E-07
1.0514E-06
1.0690E-06
1.1321E-06
1.6084E-06
1.6369E-06
1.9171E-06
2.6724E-06
2.7224E-06
3.3088E-06
3.7887E-06
3.8637E-06
5.4265E-06
5.5384E-06
6.9449E-06
8.1125E-06
8.8957E-06
1.1012E-05
1.1380E-05
1.4809E-05
1.5166E-05
2.0466E-05
2.1323E-05
2.7347E-05
2.8699E-05
3.5849E-05
3.9487E-05
4.9334E-05
5.4999E-05
6.8035E-05
7.9842E-05
8.6513E-05
9.5266E-05
1.0951E-04
1.2768E-04
1.4954E-04
1.6669E-04
2.1223E-04
2.3774E-04
2.6163E-04
2.7378E-04
2.8150E-04
2.9085E-04
2.9952E-04
3.2140E-04
3.2835E-04
3.8353E-04
4.5652E-04
4.6058E-04
4.9031E-04
5.3110E-04
5.4355E-04
5.5734E-04
6.0141E-04
5.3471E-04
5.0701E-04
4.9039E-04
4.7426E-04
4.6147E-04
5.3803E-04
5.1740E-04
4.9638E-04
5.1513E-04
5.3570E-04
5.2968E-04
4.7179E-04
4.8572E-04
5.3858E-04
5.2338E-04
4.7410E-04
4.0113E-04
4.0048E-04
3.9173E-04
4.5106E-04
4.9755E-04
5.6290E-04
6.1957E-04
6.1322E-04
5.7499E-04
5.4514E-04
5.2819E-04
5.1375E-04
4.9959E-04
4.8521E-04
4.7073E-04
4.5584E-04
4.4015E-04
3.7472E-04
3.6376E-04
3.0514E-04
2.7815E-04
3.0501E-04
3.3057E-04
3.4576E-04
3.7551E-04
3.7639E-04
3.7987E-04
3.7988E-04
3.5434E-04
3.4406E-04
3.2765E-04
3.2460E-04
3.1288E-04
3.0142E-04
2.9415E-04
2.8700E-04
2.7922E-04
2.7184E-04
2.6468E-04
2.5815E-04
2.5197E-04
2.4634E-04
2.4097E-04
2.3598E-04
2.3015E-04
2.2500E-04
2.2045E-04
2.1533E-04
2.1111E-04
2.0660E-04
2.0225E-04
2.0193E-04
1.9638E-04
1.9208E-04
1.9210E-04
1.8699E-04
1.8158E-04
1.7978E-04
1.7977E-04
1.7286E-04
1.7067E-04
1.6912E-04
1.6917E-04
1.6916E-04
1.6428E-04
1.6134E-04
1.5688E-04
1.5689E-04
1.5463E-04
1.4898E-04
1.4903E-04
1.4912E-04
1.4925E-04
1.4922E-04
1.4922E-04
1.4538E-04
1.4378E-04
1.4158E-04
1.4169E-04
1.3961E-04
1.3824E-04
1.3768E-04
1.3572E-04
1.3486E-04
1.3548E-04
1.3164E-04
1.3153E-04
1.3123E-04
1.3043E-04
1.3037E-04
1.3035E-04
1.3038E-04
1.3031E-04
1.2724E-04
1.2643E-04
1.2648E-04
1.2668E-04
1.2640E-04
1.2578E-04
1.2489E-04
1.2441E-04
1.2260E-04
1.2268E-04
1.2267E-04
1.2177E-04
1.2176E-04
1.2112E-04
1.1955E-04
1.1954E-04
1.2072E-04
1.2160E-04
1.2156E-04
1.1887E-04
1.1840E-04
1.1836E-04
1.1811E-04
1.1813E-04
1.1790E-04
1.1754E-04
1.1753E-04
1.1219E-04
1.0997E-04
1.0999E-04
1.2133E-04
1.2137E-04
1.1977E-04
1.1554E-04
1.1554E-04
1.1188E-04
1.0896E-04
1.0891E-04
1.1738E-04
1.1886E-04
1.1800E-04
1.1351E-04
1.1355E-04
1.1328E-04
1.1305E-04
1.1311E-04
1.1201E-04
1.1157E-04
1.1159E-04
1.1183E-04
1.1201E-04
1.1171E-04
1.1155E-04
1.1173E-04
1.1081E-04
1.1040E-04
1.1047E-04
1.1038E-04
1.1018E-04
1.0967E-04
1.0609E-04
1.0611E-04
1.0828E-04
1.1120E-04
1.1122E-04
1.0585E-04
1.0368E-04
1.0367E-04
1.1033E-04
1.1038E-04
1.0880E-04
1.0482E-04
1.0481E-04
1.0665E-04
1.0806E-04
1.0803E-04
1.0586E-04
1.0552E-04
1.0562E-04
1.0644E-04
1.0642E-04
1.0633E-04
1.0625E-04
1.0620E-04
1.0338E-04
1.0229E-04
1.0223E-04
1.0260E-04
1.0267E-04
1.0219E-04
1.0079E-04
1.0084E-04
9.9719E-05
9.8773E-05
1.0020E-04
1.0165E-04
1.0160E-04
1.0080E-04
1.0075E-04
1.0069E-04
1.0111E-04
1.0106E-04
1.0110E-04
9.8130E-05
9.6655E-05
9.6737E-05
9.6486E-05
9.5666E-05
9.5511E-05
9.5574E-05
9.5564E-05
9.5159E-05
9.4836E-05
9.4821E-05
9.4833E-05
9.2912E-05
9.2711E-05
9.2705E-05
9.2678E-05
9.2704E-05
9.2698E-05
9.2700E-05
9.2684E-05
9.2696E-05
9.2577E-05
8.4834E-05
8.4831E-05
8.4856E-05
8.4831E-05
8.4851E-05
8.4835E-05
8.4834E-05
8.4864E-05
8.4822E-05
8.4825E-05
8.4891E-05
8.4007E-05
7.8096E-05
7.8145E-05
7.8166E-05
7.8087E-05
7.8128E-05
7.8161E-05
7.8105E-05
7.8131E-05
7.8170E-05
7.8134E-05
7.8120E-05
7.9443E-05
8.4421E-05
8.4557E-05
8.4389E-05
8.4421E-05
8.4557E-05
8.4369E-05
8.4440E-05
8.4498E-05
8.4547E-05
8.4410E-05
4.7089E-06
4.7311E-06
4.7479E-06
4.7631E-06
4.7749E-06
4.7939E-06
4.8041E-06
4.8109E-06
4.8181E-06
4.8239E-06
4.8319E-06
4.8411E-06
4.8499E-06
4.8601E-06
4.8699E-06
4.8789E-06
4.8891E-06
4.8929E-06
4.8971E-06
4.8969E-06
4.8909E-06
4.8791E-06
4.8599E-06
4.8341E-06
4.8029E-06
4.7699E-06
4.7401E-06
4.7179E-06
4.7071E-06
4.7099E-06
4.7249E-06
4.7491E-06
4.7769E-06
4.8021E-06
4.8199E-06
4.8269E-06
4.8201E-06
4.7969E-06
4.7571E-06
4.6939E-06
4.6069E-06
4.4921E-06
4.3469E-06
4.1781E-06
3.9939E-06
3.8129E-06
3.6531E-06
3.5309E-06
3.4621E-06
3.4539E-06
3.5089E-06
3.6231E-06
3.7869E-06
3.9851E-06
4.1979E-06
4.4079E-06
4.6011E-06
4.7689E-06
4.9101E-06
5.0259E-06
5.1209E-06
5.2001E-06
5.2649E-06
5.3201E-06
5.3679E-06
5.4089E-06
5.4451E-06
5.4779E-06
5.5071E-06
5.5329E-06
5.5579E-06
5.5801E-06
5.6009E-06
5.6211E-06
5.6389E-06
5.6559E-06
5.6721E-06
5.6869E-06
5.7021E-06
5.7159E-06
5.7290E-06
5.7410E-06
5.7519E-06
5.7630E-06
5.7730E-06
5.7820E-06
5.7900E-06
5.8059E-06
5.7940E-06
5.8070E-06
5.8100E-06
5.8130E-06
5.8139E-06
5.8150E-06
5.8150E-06
5.8130E-06
5.8110E-06
5.8059E-06
5.8000E-06
5.7910E-06
5.7790E-06
5.7640E-06
5.7449E-06
5.7220E-06
5.6950E-06
5.6620E-06
5.6210E-06
5.5719E-06
5.5120E-06
5.4360E-06
5.3410E-06
5.2240E-06
5.0839E-06
4.9270E-06
4.7600E-06
4.5930E-06
4.4320E-06
4.2749E-06
4.1140E-06
3.9290E-06
3.6990E-06
3.4000E-06
3.0020E-06
2.4700E-06
1.8420E-06
1.2100E-06
7.1530E-07
3.9609E-07
2.2860E-07
1.4180E-07
9.7120E-08
7.4550E-08
6.4709E-08
6.3690E-08
7.1060E-08
8.9700E-08
1.2710E-07
1.9990E-07
3.4080E-07
6.0140E-07
1.0450E-06
1.6010E-06
2.1260E-06
2.5680E-06
2.8790E-06
3.1590E-06
3.4500E-06
3.7569E-06
4.0660E-06
4.3560E-06
4.6130E-06
4.8330E-06
5.0209E-06
5.1860E-06
5.3350E-06
5.4720E-06
5.6000E-06
5.7179E-06
5.8290E-06
5.9340E-06
6.0250E-06
6.1120E-06
6.1929E-06
6.2680E-06
6.3390E-06
6.4100E-06
6.4700E-06
6.5299E-06
6.5880E-06
6.6430E-06
6.7000E-06
6.7480E-06
6.7979E-06
6.8480E-06
6.8960E-06
6.9440E-06
6.9950E-06
7.0399E-06
7.0890E-06
7.1390E-06
7.1890E-06
7.2400E-06
7.2959E-06
7.3450E-06
7.3970E-06
7.4480E-06
7.4930E-06
7.5259E-06
7.5250E-06
7.4870E-06
7.4090E-06
7.3150E-06
7.2399E-06
7.2380E-06
7.3300E-06
7.5060E-06
7.7300E-06
7.9409E-06
8.1150E-06
8.2330E-06
8.2930E-06
8.2970E-06
8.2469E-06
8.1590E-06
8.0680E-06
8.0230E-06
8.0610E-06
8.1879E-06
8.3790E-06
8.5890E-06
8.7800E-06
8.9350E-06
9.0559E-06
9.1520E-06
9.2340E-06
9.3070E-06
9.3830E-06
9.4379E-06
9.4970E-06
9.5490E-06
9.5930E-06
9.6310E-06
9.6689E-06
9.7160E-06
9.7800E-06
9.8600E-06
9.9480E-06
1.0030E-05
1.0120E-05
1.0190E-05
1.0270E-05
1.0340E-05
1.0420E-05
1.0500E-05
1.0590E-05
1.0700E-05
1.0830E-05
1.1010E-05
1.1280E-05
1.1680E-05
1.1770E-05
1.1530E-05
1.1240E-05
1.1290E-05
1.1440E-05
1.1560E-05
1.1640E-05
1.1730E-05
1.1840E-05
1.1890E-05
1.1910E-05
1.1870E-05
1.1790E-05
1.1660E-05
1.1590E-05
1.1580E-05
1.1710E-05
1.1880E-05
1.2140E-05
1.2360E-05
1.2580E-05
1.2740E-05
1.2890E-05
1.3040E-05
1.3120E-05
1.3220E-05
1.3320E-05
1.3400E-05
1.3420E-05
1.3460E-05
1.3470E-05
1.3480E-05
1.3450E-05
1.3470E-05
1.3530E-05
1.3650E-05
1.3800E-05
1.4010E-05
1.4240E-05
1.4400E-05
1.4600E-05
1.4760E-05
1.4970E-05
1.5100E-05
1.5260E-05
1.5450E-05
1.5610E-05
1.5780E-05
1.5960E-05
1.6140E-05
1.6320E-05
1.6510E-05
1.6650E-05
1.6800E-05
1.6980E-05
1.7120E-05
1.7330E-05
1.7450E-05
1.7630E-05
1.7890E-05
1.8060E-05
1.8280E-05
1.8470E-05
1.8700E-05
1.8910E-05
1.9150E-05
1.9310E-05
1.9580E-05
1.9770E-05
2.0010E-05
2.0210E-05
2.0460E-05
2.0720E-05
2.0880E-05
2.1070E-05
2.1220E-05
2.1240E-05
2.1290E-05
2.1400E-05
2.1780E-05
2.2260E-05
2.2780E-05
2.3250E-05
2.3670E-05
2.4020E-05
2.4410E-05
2.4750E-05
2.5190E-05
2.5510E-05
2.5900E-05
2.6290E-05
2.6680E-05
2.7170E-05
2.7550E-05
2.8000E-05
2.8460E-05
2.8910E-05
2.9470E-05
2.9890E-05
3.0420E-05
3.0950E-05
3.1480E-05
3.2110E-05
3.2670E-05
3.3200E-05
3.3800E-05
3.4370E-05
3.5050E-05
3.5600E-05
3.6020E-05
3.6430E-05
3.6690E-05
3.6960E-05
3.7230E-05
3.7640E-05
3.8530E-05
3.9710E-05
4.1170E-05
4.2450E-05
4.3900E-05
4.5340E-05
4.6750E-05
4.8460E-05
4.9850E-05
5.1430E-05
5.3310E-05
5.4910E-05
5.7100E-05
5.9050E-05
6.1000E-05
6.3320E-05
6.6010E-05
6.8820E-05
7.1720E-05
7.4470E-05
7.7790E-05
8.1920E-05
8.6090E-05
9.1216E-05
8.9874E-05
9.0564E-05
9.1465E-05
9.2248E-05
9.3078E-05
9.3868E-05
9.5128E-05
9.6560E-05
9.7722E-05
9.9888E-05
1.0217E-04
1.0377E-04
1.0933E-04
1.1019E-04
1.1922E-04
1.1960E-04
1.3081E-04
1.3196E-04
1.4067E-04
1.4628E-04
1.4669E-04
1.5639E-04
1.6196E-04
1.6632E-04
1.7017E-04
1.7350E-04
1.7688E-04
1.7979E-04
1.8052E-04
1.8162E-04
1.8206E-04
1.8173E-04
1.8004E-04
1.7977E-04
1.7567E-04
1.7539E-04
1.6820E-04
1.6818E-04
1.6094E-04
1.5800E-04
1.5583E-04
1.4409E-04
1.4408E-04
1.3965E-04
1.2659E-04
1.2655E-04
1.2659E-04
1.0766E-04
1.0574E-04
1.0572E-04
1.0573E-04
8.9410E-05
8.8502E-05
8.0268E-05
7.6060E-05
7.4732E-05
6.3361E-05
6.3348E-05
6.0795E-05
5.0800E-05
5.0775E-05
5.0777E-05
4.0377E-05
3.8595E-05
3.8576E-05
3.8601E-05
2.8405E-05
2.7205E-05
2.7219E-05
2.7230E-05
2.6695E-05
1.7128E-05
1.7136E-05
1.7128E-05
1.7125E-05
1.7130E-05
1.7120E-05
1.0486E-05
8.8470E-06
8.8504E-06
8.8647E-06
8.8449E-06
8.8524E-06
8.8585E-06
8.8636E-06
8.8493E-06
3.0178E-06
3.0175E-06
3.0178E-06
3.0177E-06
3.0172E-06
3.0176E-06
3.0175E-06
3.0181E-06
3.0179E-06
3.0170E-06
3.0179E-06
3.0177E-06
3.0177E-06
3.0172E-06
3.0176E-06
4.9151E-07
3.5394E-07
3.5393E-07
3.5403E-07
3.5393E-07
3.5401E-07
3.5394E-07
3.5394E-07
3.5407E-07
3.5389E-07
3.5390E-07
3.5418E-07
3.5397E-07
3.5380E-07
3.5402E-07
3.5412E-07
3.5376E-07
3.5395E-07
3.5409E-07
3.5384E-07
3.5396E-07
3.5413E-07
3.5397E-07
3.5391E-07
3.5400E-07
3.5381E-07
3.5438E-07
3.5367E-07
3.5381E-07
3.5438E-07
3.5359E-07
3.5389E-07
3.5413E-07
3.5433E-07
3.5299E-07
0.0000E+00
0.0000E+00
0.0000E+00
0.0000E+00
0.0000E+00
0.0000E+00
0.0000E+00
0.0000E+00
0.0000E+00
0.0000E+00
0.0000E+00
0.0000E+00
0.0000E+00
0.0000E+00
0.0000E+00
0.0000E+00
0.0000E+00
0.0000E+00
0.0000E+00
0.0000E+00
0.0000E+00
0.0000E+00
0.0000E+00
0.0000E+00
0.0000E+00
0.0000E+00
0.0000E+00
0.0000E+00
0.0000E+00
0.0000E+00
0.0000E+00
0.0000E+00
0.0000E+00
0.0000E+00
0.0000E+00
0.0000E+00
0.0000E+00
0.0000E+00
0.0000E+00
0.0000E+00
0.0000E+00
0.0000E+00
0.0000E+00
0.0000E+00
0.0000E+00
0.0000E+00
0.0000E+00
0.0000E+00
0.0000E+00
0.0000E+00
0.0000E+00
0.0000E+00
0.0000E+00
0.0000E+00
0.0000E+00
0.0000E+00
0.0000E+00
0.0000E+00
0.0000E+00
0.0000E+00
0.0000E+00
0.0000E+00
0.0000E+00
0.0000E+00
0.0000E+00
0.0000E+00
0.0000E+00
0.0000E+00
0.0000E+00
0.0000E+00
0.0000E+00
0.0000E+00
0.0000E+00
0.0000E+00
0.0000E+00
0.0000E+00
0.0000E+00
0.0000E+00
0.0000E+00
0.0000E+00
0.0000E+00
0.0000E+00
0.0000E+00
0.0000E+00
0.0000E+00
0.0000E+00
0.0000E+00
0.0000E+00
0.0000E+00
0.0000E+00
0.0000E+00
0.0000E+00
0.0000E+00
0.0000E+00
0.0000E+00
0.0000E+00
0.0000E+00
0.0000E+00
0.0000E+00
0.0000E+00